# dtype=binned_floats
15.6
11.2
18.6
16.8
21
15.2
14.6
17.6
14
16
18
16.8
16
11.4
12
17.2
20
20
16.5
15.2
16
18.6
16.6
17.8
20
25
16.1
17
19.4
16
22.5
19.1
17.2
19.5
19
20.5
15.5
18
15.5
13.2
16.2
18.8
15
17.5
17
18.9
16
16
18.8
17.4
12.4
17.2
14
17.1
16.4
20.5
16.3
16.8
16.7
10.6
16
16.8
18
19
19
18.1
15
19.6
17
16.8
20.4
25
24
30
21
16
16
18
14.8
23
19
18.8
24
22.5
18
18
22.8
26
21.6
23.6
18.5
22
20.7
18
18
19
21.5
16
18.5
18
17.5
18.5
21
19.5
20.5
22
19
22.5
19
20
19.5
21
20
21
22.5
21.5
20.8
22.5
16
19
20
28.5
26.5
21.5
21
21
21.5
28.5
24.5
22
