# dtype=binned_floats
14.23
13.2
13.16
14.37
13.24
14.2
14.39
14.06
14.83
13.86
14.1
14.12
13.75
14.75
14.38
13.63
14.3
13.83
14.19
13.64
14.06
12.93
13.71
12.85
13.5
13.05
13.39
13.3
13.87
14.02
13.73
13.58
13.68
13.76
13.51
13.48
13.28
13.05
13.07
14.22
13.56
13.41
13.88
13.24
13.05
14.21
14.38
13.9
14.1
13.94
13.05
13.83
13.82
13.77
13.74
13.56
14.22
13.29
13.72
12.37
12.33
12.64
13.67
12.37
12.17
12.37
13.11
12.37
13.34
12.21
12.29
13.86
13.49
12.99
11.96
11.66
13.03
11.84
12.33
12.7
12
12.72
12.08
13.05
11.84
12.67
12.16
11.65
11.64
12.08
12.08
12
12.69
12.29
11.62
12.47
11.81
12.29
12.37
12.29
12.08
12.6
12.34
11.82
12.51
12.42
12.25
12.72
12.22
11.61
11.46
12.52
11.76
11.41
12.08
11.03
11.82
12.42
12.77
12
11.45
11.56
12.42
13.05
11.87
12.07
12.43
11.79
12.37
12.04
