# dtype=binned_floats
2.43
2.14
2.67
2.5
2.87
2.45
2.45
2.61
2.17
2.27
2.3
2.32
2.41
2.39
2.38
2.7
2.72
2.62
2.48
2.56
2.28
2.65
2.36
2.52
2.61
3.22
2.62
2.14
2.8
2.21
2.7
2.36
2.36
2.7
2.65
2.41
2.84
2.55
2.1
2.51
2.31
2.12
2.59
2.29
2.1
2.44
2.28
2.12
2.4
2.27
2.04
2.6
2.42
2.68
2.25
2.46
2.3
2.68
2.5
1.36
2.28
2.02
1.92
2.16
2.53
2.56
1.7
1.92
2.36
1.75
2.21
2.67
2.24
2.6
2.3
1.92
1.71
2.23
1.95
2.4
2
2.2
2.51
2.32
2.58
2.24
2.31
2.62
2.46
2.3
2.32
2.42
2.26
2.22
2.28
2.2
2.74
1.98
2.1
2.21
1.7
1.9
2.46
1.88
1.98
2.27
2.12
2.28
1.94
2.7
1.82
2.17
2.92
2.5
2.5
2.2
1.99
2.19
1.98
2
2.42
3.23
2.73
2.13
2.39
2.17
2.29
2.78
2.3
2.38
