# dtype=binned_floats
5.64
4.38
5.68
7.8
4.32
6.75
5.25
5.05
5.2
7.22
5.75
5
5.6
5.4
7.5
7.3
6.2
6.6
8.7
5.1
5.65
4.5
3.8
3.93
3.52
3.58
4.8
3.95
4.5
4.7
5.7
6.9
3.84
5.4
4.2
5.1
4.6
4.25
3.7
5.1
6.13
4.28
5.43
4.36
5.04
5.24
4.9
6.1
6.2
8.90
7.2
5.6
7.05
6.3
5.85
6.25
6.38
6
6.8
1.95
3.27
5.75
3.8
4.45
2.95
4.6
5.3
4.68
3.17
2.85
3.05
3.38
3.74
3.35
3.21
3.8
4.6
2.65
3.4
2.57
2.5
3.9
2.2
4.8
3.05
2.62
2.45
2.6
2.8
1.74
2.4
3.6
3.05
2.15
3.25
2.6
2.5
2.9
4.5
2.3
3.3
2.45
2.8
2.06
2.94
2.7
3.4
3.3
2.7
2.65
2.9
2
3.8
3.08
2.9
1.9
1.95
2.06
3.4
1.28
3.25
6
2.08
2.6
2.8
2.76
3.94
3
2.12
2.6
