# dtype=binned_floats
3.06
2.76
3.24
3.49
2.69
3.39
2.52
2.51
2.98
3.15
3.32
2.43
2.76
3.69
3.64
2.91
3.14
3.4
3.93
3.03
3.17
2.41
2.88
2.37
2.61
2.68
2.94
2.19
2.97
2.33
3.25
3.19
2.69
2.74
2.53
2.98
2.68
2.43
2.64
3.04
3.29
2.68
3.56
2.63
3
2.65
3.17
3.39
2.92
3.54
3.27
2.99
3.74
2.79
2.9
2.78
3
3.23
3.67
.57
1.09
1.41
1.79
3.1
1.75
2.65
3.18
2
1.3
1.28
1.02
2.86
1.84
2.89
2.14
1.57
2.03
1.32
1.85
2.55
2.26
2.53
1.58
1.59
2.21
1.94
1.69
1.61
1.69
1.59
1.5
1.25
1.46
2.25
2.26
2.27
.99
2.5
3.75
2.99
2.17
1.36
2.11
1.64
1.92
1.84
2.03
1.76
2.04
2.92
2.58
2.27
2.03
2.01
2.29
2.17
1.6
2.09
1.25
1.64
2.79
5.08
2.13
2.65
3.03
2.65
3.15
2.24
2.45
1.75
