# dtype=binned_floats
1.04
1.05
1.03
.86
1.04
1.05
1.02
1.06
1.08
1.01
1.25
1.17
1.15
1.25
1.2
1.28
1.07
1.13
1.23
.96
1.09
1.03
1.11
1.09
1.12
1.13
.92
1.02
1.25
1.04
1.19
1.09
1.23
1.25
1.1
1.04
1.09
1.12
1.18
.89
.95
.91
.88
.82
.88
.87
1.04
.91
1.07
1.12
1.12
1.24
1.01
1.13
.92
.98
.94
1.07
.89
1.05
1.25
.98
1.23
1.22
1.45
1.19
1.12
1.12
1.02
1.28
.906
1.36
.98
1.31
.99
1.23
1.19
.96
1.06
1.19
1.38
1.16
1.31
.84
.79
1.23
1.33
1.36
1
1.07
1.08
1.05
.96
1.15
1.16
1.16
.95
1.23
1.04
1.42
1.27
1.04
.8
.94
1.04
.86
1
.88
.86
.96
.75
.9
1.23
1.1
.93
1.71
.95
1.06
.7
.93
.8
.93
.92
.73
.75
.86
.69
.97
.89
.79
