# dtype=binned_floats
1.71
1.78
2.36
1.95
2.59
1.76
1.87
2.15
1.64
1.35
2.16
1.48
1.73
1.73
1.87
1.81
1.92
1.57
1.59
3.1
1.63
3.8
1.86
1.6
1.81
2.05
1.77
1.72
1.9
1.68
1.5
1.66
1.83
1.53
1.8
1.81
1.64
1.65
1.5
3.99
1.71
3.84
1.89
3.98
1.77
4.04
3.59
1.68
2.02
1.73
1.73
1.65
1.75
1.9
1.67
1.73
1.7
1.97
1.43
.94
1.1
1.36
1.25
1.13
1.45
1.21
1.01
1.17
.94
1.19
1.61
1.51
1.66
1.67
1.09
1.88
.9
2.89
.99
3.87
.92
1.81
1.13
3.86
.89
.98
1.61
1.67
2.06
1.33
1.83
1.51
1.53
2.83
1.99
1.52
2.12
1.41
1.07
3.17
2.08
1.34
2.45
1.72
1.73
2.55
1.73
1.75
1.29
1.35
3.74
2.43
2.68
.74
1.39
1.51
1.47
1.61
3.43
3.43
2.4
2.05
4.43
5.8
4.31
2.16
1.53
2.13
1.63
4.3
