# dtype=binned_floats
.28
.26
.3
.24
.39
.34
.3
.31
.29
.22
.22
.26
.29
.43
.29
.3
.33
.4
.32
.17
.24
.25
.27
.26
.28
.47
.34
.27
.37
.26
.29
.22
.42
.5
.29
.26
.34
.29
.28
.2
.34
.27
.17
.32
.28
.3
.27
.21
.32
.32
.17
.22
.32
.39
.21
.2
.26
.31
.19
.28
.63
.53
.32
.19
.45
.37
.26
.27
.55
.14
.37
.21
.27
.21
.13
.34
.24
.43
.35
.43
.3
.26
.4
.61
.22
.3
.43
.4
.48
.42
.52
.5
.58
.25
.17
.32
.14
.29
.24
.45
.26
.29
.34
.37
.32
.66
.37
.48
.39
.29
.24
.26
.6
.42
.43
.52
.3
.34
.43
.37
.32
.47
.43
.3
.21
.37
.39
.58
.4
.42
