# dtype=binned_floats
3.92
3.4
3.17
3.45
2.93
2.85
3.58
3.58
2.85
3.55
3.17
2.82
2.9
2.73
3
2.88
2.65
2.57
2.82
3.36
3.71
3.52
4
3.63
3.82
3.2
3.22
2.77
3.4
3.59
2.71
2.88
2.87
3
2.87
3.47
2.78
2.51
2.69
3.53
3.38
3
3.56
3
3.35
3.33
3.44
3.33
2.75
3.1
2.91
3.37
3.26
2.93
3.2
3.03
3.31
2.84
2.87
1.82
1.67
1.59
2.46
2.87
2.23
2.3
3.18
3.48
1.93
3.07
1.82
3.16
2.78
3.5
3.13
2.14
2.48
2.52
2.31
3.13
3.12
3.14
2.72
2.01
3.08
3.16
2.26
3.21
2.75
3.21
2.27
2.65
2.06
3.3
2.96
2.63
2.26
2.74
2.77
2.83
2.96
2.77
3.38
2.44
3.57
3.3
3.17
2.42
3.02
3.26
2.81
2.78
2.5
2.31
3.19
2.87
3.33
2.96
2.12
3.05
3.39
3.69
3.12
3.1
3.64
3.28
2.84
2.44
2.78
2.57
