# dtype=binned_floats
2.29
1.28
2.81
2.18
1.82
1.97
1.98
1.25
1.98
1.85
2.38
1.57
1.81
2.81
2.96
1.46
1.97
1.72
1.86
1.66
2.1
1.98
1.69
1.46
1.66
1.92
1.45
1.35
1.76
1.98
2.38
1.95
1.97
1.35
1.54
1.86
1.36
1.44
1.37
2.08
2.34
1.48
1.7
1.66
2.03
1.25
2.19
2.14
2.38
2.08
2.91
2.29
1.87
1.68
1.62
2.45
2.03
1.66
2.04
.42
.41
.62
.73
1.87
1.03
2.08
2.28
1.04
.42
2.5
1.46
1.87
1.03
1.96
1.65
1.15
1.46
.95
2.76
1.95
1.43
1.77
1.4
1.62
2.35
1.46
1.56
1.34
1.35
1.38
1.64
1.63
1.62
1.99
1.35
3.28
1.56
1.77
1.95
2.81
1.4
1.35
1.31
1.42
1.48
1.42
1.63
1.63
2.08
2.49
3.58
1.22
1.05
1.44
1.04
2.01
1.53
1.61
.83
1.87
1.83
1.87
1.71
2.01
2.91
1.35
1.77
1.76
1.9
1.35
