# dtype=binned_floats
2.8
2.65
2.8
3.85
2.8
3.27
2.5
2.6
2.8
2.98
2.95
2.2
2.6
3.1
3.3
2.85
2.8
2.95
3.3
2.7
3
2.41
2.61
2.48
2.53
2.63
2.85
2.4
2.95
2.65
3
2.86
2.42
2.95
2.35
2.7
2.6
2.45
2.4
3
3.15
2.45
3.25
2.64
3
2.85
3.25
3.1
2.75
2.88
2.72
2.45
3.88
3
2.6
2.96
3.2
3
3.4
1.98
2.05
2.02
2.1
3.5
1.89
2.42
2.98
2.11
2.53
1.85
1.1
2.95
1.88
3.3
3.38
1.61
1.95
1.72
1.9
2.83
2.42
2.2
2
1.65
2.2
2.2
1.78
1.92
1.95
2.2
1.6
1.45
1.38
2.45
3.02
2.5
1.6
2.55
3.52
2.85
2.23
1.45
2.56
2.5
2.2
1.68
1.65
1.38
2.36
2.74
3.18
2.55
1.75
2.48
2.56
2.46
1.98
2
1.63
2
2.9
3.18
2.2
2.62
2.86
2.6
2.74
2.13
2.22
2.1
