# dtype=binned_floats
4.0
3.5
4.0
4.0
4.0
4.0
?
?
4.4
3.9
4.4
3.7
3.9
4.9
?
2.9
4.3
4.0
4.1
4.2
4.2
4.1
4.0
4.7
4.3
3.8
3.7
2.7
3.8
4.6
3.8
?
5.0
3.8
4.3
4.2
4.1
3.9
4.0
2.9
4.0
4.6
4.4
4.4
?
4.4
3.8
3.3
4.2
4.2
4.0
4.0
4.4
4.0
4.2
?
?
3.9
4.3
?
4.5
4.0
3.4
3.1
3.5
4.2
3.0
2.6
4.0
3.7
4.3
?
4.4
4.0
5.3
4.1
3.3
4.0
4.4
4.9
4.8
4.2
4.0
2.9
3.9
4.0
?
2.8
2.8
4.4
3.4
3.3
4.0
2.9
3.6
4.2
3.9
3.5
4.2
?
2.7
?
3.0
3.9
2.1
6.4
2.6
?
3.6
3.0
4.2
3.8
4.0
3.0
3.3
?
4.1
3.9
?
3.8
4.0
2.9
?
4.3
4.0
4.1
4.0
2.4
3.1
3.3
4.5
2.2
3.8
3.4
3.8
4.5
4.5
3.5
2.6
4.2
2.7
3.5
3.0
3.5
2.4
4.2
3.4
2.8
4.0
4.0
3.3
4.3
4.1
4.1
3.1
