# dtype=binned_floats
85
135
96
46
?
95
?
?
?
?
78
59
81
57
?
72
102
62
53
70
48
133
85
60
45
95
85
175
78
78
280
?
81
135
58
67
194
150
85
180
75
56
46
71
?
74
80
191
85
125
85
85
110
85
50
92
?
52
80
85
26
102
215
164
103
?
62
?
34
68
82
127
76
?
100
55
167
30
72
85
?
62
100
179
141
44
135
165
118
76
230
?
?
?
107
40
147
114
84
?
123
?
168
215
86
?
138
?
155
63
256
62
85
81
141
119
?
139
?
85
90
160
85
?
85
70
?
155
85
82
85
?
158
115
243
181
?
130
166
85
295
120
?
85
?
75
65
109
89
120
?
126
75
81
100
