# dtype=binned_floats
1.00
0.90
0.70
0.70
1.00
0.90
?
1.00
0.70
1.00
1.30
1.00
0.90
2.20
?
2.00
1.20
0.60
0.70
0.70
0.90
1.20
1.00
0.90
0.40
0.80
0.60
1.40
1.30
1.00
2.30
1.00
0.70
0.50
0.90
0.60
1.30
2.30
1.00
0.30
0.70
4.60
1.00
0.70
?
0.70
0.60
1.80
0.80
0.70
0.90
1.00
0.60
1.20
0.70
0.80
?
0.70
1.00
1.00
0.70
0.70
3.50
0.70
0.80
0.80
0.70
4.10
1.00
1.60
0.80
2.80
0.90
1.00
1.50
1.00
2.00
0.60
1.00
0.70
0.80
0.70
0.70
1.50
1.30
1.60
0.90
2.50
1.20
0.60
0.90
4.60
1.00
1.50
1.50
0.60
0.80
3.00
2.00
?
4.80
0.70
2.40
4.60
1.70
0.60
1.50
2.30
1.00
0.70
0.70
0.50
1.00
1.20
1.10
3.20
1.00
1.00
?
3.20
2.90
1.00
1.50
0.90
1.00
0.70
1.00
2.80
1.20
4.60
1.00
8.00
2.00
1.00
0.40
1.30
0.80
1.60
1.00
1.30
1.70
3.90
1.00
1.40
1.90
1.20
4.20
1.70
0.90
0.60
7.60
0.90
0.80
1.50
1.20
