# dtype=binned_floats
18
42
32
52
200
28
?
?
48
120
30
249
60
144
60
89
53
166
42
28
20
98
20
63
18
46
48
55
25
58
98
60
53
29
92
28
150
68
14
53
55
16
90
18
86
110
80
420
44
65
60
20
145
31
78
59
?
38
38
75
58
64
54
44
43
38
33
48
15
68
39
182
271
45
100
45
242
24
46
31
14
224
31
69
156
123
55
64
16
18
117
55
60
69
157
69
128
65
23
40
157
24
227
269
20
34
58
648
225
80
25
68
30
65
75
136
34
81
?
28
153
118
40
231
75
24
20
75
92
55
30
101
278
52
49
181
33
140
30
44
60
28
20
70
114
173
120
528
152
30
242
142
20
19
19
